Sum:	69.69696969696902
Offset:	1.2678593635105875
Time:	3.69614577293396
